# Created by Octave 4.2.2, Fri Apr 20 23:23:04 2018 CEST <void@void_ptr_ref>
# name: a
# type: scalar
0.7071067811865476


# name: c
# type: scalar
82


# name: T0
# type: scalar
5


# name: kappa
# type: scalar
0.143


# name: nu
# type: scalar
1.43


