# Created by Octave 4.2.2, Fri Apr 20 21:49:56 2018 CEST <void@void_ptr_ref>
# name: nu
# type: scalar
1.43


# name: kappa
# type: scalar
0.143


# name: a
# type: scalar
0.7071067811865476


# name: c
# type: scalar
100


# name: T0
# type: scalar
1


